<?xml version="1.0"?>
<opencv_storage>
<distortion type_id="opencv-matrix">
  <rows>1</rows>
  <cols>4</cols>
  <dt>f</dt>
  <data>
    -1.5022757143302007e-001 1.7638102162911535e+000
       -1.2684944095909962e-002 -9.1950071357036114e-003</data></distortion>
</opencv_storage>
