<?xml version="1.0"?>
<opencv_storage>
<intrinsic type_id="opencv-matrix">
  <rows>3</rows>
  <cols>3</cols>
  <dt>f</dt>
  <data> 5.6127204267249670e+002 0. 3.2099729958874167e+002 0.
       5.6140043785969931e+002 2.4038737153326497e+002 0. 0. 1.
    </data></intrinsic>
</opencv_storage>
